266 189
183 275
194 259
168 300
228 222
168 300
225 225
220 229
300 168
243 208
300 168
225 225
299 168
194 259
194 259
299 168
299 168
183 275
720 1280
667 1200
205 246
228 222
270 186
576 1024
225 225
255 197
299 168
225 225
300 168
225 225
187 270
259 194
299 168
225 225
299 168
183 275
168 300
168 300
194 259
169 299
183 275
183 275
259 194
214 236
177 284
243 208
243 207
195 259
168 300
194 259
259 194
251 201
264 191
224 225
224 225
183 275
182 150
232 217
169 299
257 196
168 300
163 310
168 300
176 286
226 223
208 243
183 275
168 300
188 268
159 318
163 310
165 305
248 203
259 194
167 301
183 275
187 270
178 283
232 217
194 259
186 271
248 203
224 224
194 259
183 275
225 225
226 223
167 301
216 233
168 299
168 300
168 300
183 275
194 260
177 284
225 225
229 220
250 201
1280 960
1280 960
1280 960
1280 960
1280 960
1280 960
1280 960
1280 960
1280 960
1280 960
1280 960
1280 960
1280 960
1280 960
1280 960
1280 960
1280 960
1280 960
225 225
135 374
168 300
163 309
183 276
194 259
225 225
183 275
225 225
184 274
183 275
225 225
225 225
225 225
243 208
225 225
225 225
225 225
168 300
225 225
225 225
245 206
195 258
225 225
176 286
225 225
175 287
225 225
183 275
225 225
183 275
225 225
225 225
247 204
168 300
168 299
174 290
178 284
168 300
168 300
194 259
168 300
189 266
183 275
276 183
168 300
194 259
193 261
168 300
163 310
168 300
168 300
188 269
168 300
168 300
163 310
193 261
194 259
194 259
168 300
181 279
194 259
188 268
190 265
452 612
452 612
430 612
612 432
174 290
191 264
280 180
168 300
168 300
194 259
230 219
153 329
168 300
168 300
225 225
200 252
336 150
612 449
612 481
454 612
612 444
168 300